-- // converted using mech's animoduler
local cfr = CFrame.new

return {{tm=-883722.812;["Right Arm"]={cf=cfr(0,0,0,1,0,0,0,1,0,0,0,1);es="Linear";ed="In";};};{tm=-836806.687;["Right Arm"]={cf=cfr(0,0,0,1,0,0,0,1,0,0,0,1);es="Linear";ed="In";};};{tm=-824092.812;["Head"]={cf=cfr(0,0,0,1,0,0,0,1,0,0,0,1);es="Linear";ed="In";};};{tm=-789927.062;["Head"]={cf=cfr(0,0,0,1,0,0,0,1,0,0,0,1);es="Linear";ed="In";};};{tm=-789922.25;["Head"]={cf=cfr(0,0,0,1,0,0,0,1,0,0,0,1);es="Linear";ed="In";};};{tm=-789774.187;["Right Arm"]={cf=cfr(0,0,0,1,0,0,0,1,0,0,0,1);es="Linear";ed="In";};};{tm=-778818.937;["Head"]={cf=cfr(0,0,0,1,0,0,0,1,0,0,0,1);es="Linear";ed="In";};};{tm=-776938.75;["Head"]={cf=cfr(0,0,0,1,0,0,0,1,0,0,0,1);es="Linear";ed="In";};};{tm=-734000.937;["Head"]={cf=cfr(0,0,0,1,0,0,0,1,0,0,0,1);es="Linear";ed="In";};};{tm=-733997.437;["Head"]={cf=cfr(0,0,0,1,0,0,0,1,0,0,0,1);es="Linear";ed="In";};};{tm=-733995.187;["Head"]={cf=cfr(0,0,0,1,0,0,0,1,0,0,0,1);es="Linear";ed="In";};};{tm=-733990;["Head"]={cf=cfr(0,0,0,1,0,0,0,1,0,0,0,1);es="Linear";ed="In";};};{tm=-733967.875;["Torso"]={cf=cfr(0,0,0,1,0,0,0,1,0,0,0,1);es="Linear";ed="In";};};{tm=-733967.125;["Torso"]={cf=cfr(0,0,0,1,0,0,0,1,0,0,0,1);es="Linear";ed="In";};};{tm=-733965.312;["Torso"]={cf=cfr(0,0,0,1,0,0,0,1,0,0,0,1);es="Linear";ed="In";};};{tm=-733964.812;["Torso"]={cf=cfr(0,0,0,1,0,0,0,1,0,0,0,1);es="Linear";ed="In";};};{tm=-733964.562;["Torso"]={cf=cfr(0,0,0,1,0,0,0,1,0,0,0,1);es="Linear";ed="In";};};{tm=-733962.25;["Torso"]={cf=cfr(0,0,0,1,0,0,0,1,0,0,0,1);es="Linear";ed="In";};};{tm=-733852.937;["Right Arm"]={cf=cfr(0,0,0,1,0,0,0,1,0,0,0,1);es="Linear";ed="In";};};{tm=-733852.312;["Right Arm"]={cf=cfr(0,0,0,1,0,0,0,1,0,0,0,1);es="Linear";ed="In";};};{tm=-733850.625;["Right Arm"]={cf=cfr(0,0,0,1,0,0,0,1,0,0,0,1);es="Linear";ed="In";};};{tm=-733850.437;["Right Arm"]={cf=cfr(0,0,0,1,0,0,0,1,0,0,0,1);es="Linear";ed="In";};};{tm=-733849.937;["Right Arm"]={cf=cfr(0,0,0,1,0,0,0,1,0,0,0,1);es="Linear";ed="In";};};{tm=-702419.562;["Head"]={cf=cfr(0,0,0,1,0,0,0,1,0,0,0,1);es="Linear";ed="In";};};{tm=-688195.75;["Right Arm"]={cf=cfr(0,0,-.001,1,0,0,0,1,0,0,0,1);es="Linear";ed="In";};};{tm=-548864.062;["Right Arm"]={cf=cfr(0,0,-.002,1,0,0,0,1,0,0,0,1);es="Linear";ed="In";};};{tm=-537846.5;["Head"]={cf=cfr(0,0,0,1,0,0,0,1,0,0,0,1);es="Linear";ed="In";};};{tm=-516973.219;["Head"]={cf=cfr(0,0,0,1,0,0,0,1,0,0,0,1);es="Linear";ed="In";};};{tm=-453426.125;["Right Arm"]={cf=cfr(0,0,-.003,1,0,0,0,1,0,0,0,1);es="Linear";ed="In";};};{tm=-435951.25;["Head"]={cf=cfr(0,0,0,1,0,0,0,1,0,0,0,1);es="Linear";ed="In";};};{tm=-417736.219;["Head"]={cf=cfr(0,0,0,1,0,0,0,1,0,0,0,1);es="Linear";ed="In";};};{tm=-399399.844;["Head"]={cf=cfr(0,0,0,1,0,0,0,1,0,0,0,1);es="Linear";ed="In";};};{tm=-324154.844;["Right Arm"]={cf=cfr(0,-.048,-.005,1,0,0,0,1,0,0,0,1);es="Linear";ed="In";};};{tm=-291329.344;["Right Arm"]={cf=cfr(0,-.061,-.005,1,0,0,0,1,0,0,0,1);es="Linear";ed="In";};};{tm=-241967.734;["Right Arm"]={cf=cfr(0,-.079,-.006,1,0,0,0,1,0,0,0,1);es="Linear";ed="In";};};{tm=-240484.219;["Head"]={cf=cfr(0,0,0,1,0,0,0,1,0,0,0,1);es="Linear";ed="In";};};{tm=-193573.234;["Head"]={cf=cfr(0,0,0,1,0,0,0,1,0,0,0,1);es="Linear";ed="In";};};{tm=-122630.117;["Right Arm"]={cf=cfr(-.179,-.124,-.007,1,0,0,0,1,0,0,0,1);es="Linear";ed="In";};};{tm=-118580.734;["Right Arm"]={cf=cfr(-.185,-.125,-.007,.999,.038,0,-.038,.999,0,0,0,1);es="Linear";ed="In";};};{tm=-115991.055;["Right Arm"]={cf=cfr(-.188,-.126,-.007,.998,.063,0,-.063,.998,0,0,0,1);es="Linear";ed="In";};};{tm=-38846.43;["Head"]={cf=cfr(0,0,0,1,0,0,0,1,0,0,0,1);es="Linear";ed="In";};};{tm=-30632.146;["Right Arm"]={cf=cfr(-.316,-.158,-.008,.643,.758,-.11,-.763,.647,0,.071,.084,.994);es="Linear";ed="In";};};{tm=0;["Torso"]={cf=cfr(0,0,0,1,0,0,0,1,0,0,0,1);es="Linear";ed="In";};["Right Arm"]={cf=cfr(-.362,-.17,-.009,.398,.905,-.15,-.864,.425,.27,.308,.022,.951);es="Linear";ed="In";};["Head"]={cf=cfr(0,0,0,1,0,0,0,1,0,0,0,1);es="Linear";ed="In";};};{tm=0;["Torso"]={cf=cfr(0,0,0,1,0,0,0,1,0,0,0,1);es="Linear";ed="In";};};{tm=.066;["Torso"]={cf=cfr(0,0,0,1,0,0,0,1,0,0,0,1);es="Linear";ed="In";};};{tm=.097;["Torso"]={cf=cfr(0,0,0,.999,.047,-.016,-.047,.999,0,.016,.001,1);es="Linear";ed="In";};};{tm=.1;["Torso"]={cf=cfr(0,0,0,.999,.051,-.017,-.053,.989,-.138,.01,.139,.99);es="Linear";ed="In";};["Right Arm"]={cf=cfr(-.11,-.281,.062,-.039,.988,-.15,-.963,.003,.27,.267,.155,.951);es="Linear";ed="In";};};{tm=.15;["Torso"]={cf=cfr(0,0,0,1,-.019,-.017,.016,.99,-.138,.019,.138,.99);es="Linear";ed="In";};};{tm=.172;["Torso"]={cf=cfr(0,0,0,1,-.008,-.008,.008,.998,-.061,.008,.061,.998);es="Linear";ed="In";};};{tm=.19;["Torso"]={cf=cfr(0,0,0,1,0,0,0,1,0,0,0,1);es="Linear";ed="In";};};{tm=.217;["Torso"]={cf=cfr(0,0,0,.997,-.034,.064,.028,.996,.09,-.067,-.088,.994);es="Linear";ed="In";};["Right Arm"]={cf=cfr(.134,-.468,.154,.26,-.954,-.15,.939,.214,.27,-.226,-.211,.951);es="Linear";ed="In";};["Head"]={cf=cfr(0,0,0,.999,-.052,0,.052,.999,0,0,0,1);es="Linear";ed="In";};};{tm=.3;["Torso"]={cf=cfr(0,0,0,.999,-.04,.008,.038,.981,.192,-.016,-.191,.981);es="Linear";ed="In";};};{tm=.35;["Torso"]={cf=cfr(0,0,0,.997,-.044,.058,.028,.969,.245,-.067,-.242,.968);es="Linear";ed="In";};};{tm=.45;["Torso"]={cf=cfr(0,0,0,.997,-.028,.067,.028,1,.003,-.067,-.001,.998);es="Linear";ed="In";};["Head"]={cf=cfr(0,0,0,.962,.27,.046,-.273,.932,.237,.021,-.241,.97);es="Linear";ed="In";};};{tm=.6;["Torso"]={cf=cfr(-.005,.085,-.113,.998,.015,.066,-.024,.99,.142,-.063,-.143,.988);es="Linear";ed="In";};["Head"]={cf=cfr(0,0,0,.885,.464,.046,-.461,.855,.237,.071,-.231,.97);es="Linear";ed="In";};};{tm=.733;["Right Arm"]={cf=cfr(.186,-.28,.109,-.999,-.039,.024,.044,-.963,.266,.013,.267,.964);es="Linear";ed="In";};};{tm=.967;["Torso"]={cf=cfr(0,0,0,.994,.089,.065,-.094,.993,.073,-.058,-.078,.995);es="Linear";ed="In";};};{tm=1.35;["Torso"]={cf=cfr(0,0,0,.998,-.028,.057,.028,.999,-.014,-.056,.016,.998);es="Linear";ed="In";};["Right Arm"]={cf=cfr(.186,-.28,.109,-.971,-.211,-.115,.173,-.947,.27,-.166,.242,.956);es="Linear";ed="In";};["Head"]={cf=cfr(0,0,0,.885,.464,.046,-.461,.855,.237,.071,-.231,.97);es="Linear";ed="In";};};{tm=1.583;["Head"]={cf=cfr(0,0,0,.901,.431,-.037,-.425,.866,-.261,-.081,.251,.965);es="Linear";ed="In";};};{tm=1.6;["Torso"]={cf=cfr(0,0,0,.995,-.028,-.1,.026,.999,-.018,.1,.016,.995);es="Linear";ed="In";};["Right Arm"]={cf=cfr(.121,-.095,.068,.946,-.325,-.009,.319,.923,.214,-.062,-.205,.977);es="Linear";ed="In";};};}
